#jufo profile for 1KPL
   1 T C   0.862  0.066  0.073
   2 P H   0.398  0.473  0.128
   3 L H   0.313  0.512  0.175
   4 A H   0.045  0.552  0.404
   5 I E   0.066  0.449  0.485
   6 L H   0.008  0.693  0.298
   7 F H   0.013  0.852  0.134
   8 M H   0.033  0.829  0.138
   9 A H   0.055  0.812  0.134
  10 A H   0.085  0.652  0.262
  11 V E   0.162  0.414  0.424
  12 V H   0.115  0.737  0.148
  13 G H   0.372  0.459  0.169
  14 T H   0.102  0.722  0.176
  15 L H   0.096  0.759  0.145
  16 T H   0.063  0.780  0.157
  17 G H   0.127  0.775  0.097
  18 L H   0.036  0.646  0.318
  19 V H   0.014  0.760  0.226
  20 G H   0.040  0.816  0.144
  21 V H   0.048  0.804  0.148
  22 A H   0.032  0.788  0.180
  23 F H   0.016  0.892  0.093
  24 E H   0.045  0.918  0.037
  25 K H   0.056  0.906  0.038
  26 A H   0.041  0.893  0.066
  27 V H   0.038  0.881  0.080
  28 S H   0.023  0.891  0.086
  29 W H   0.109  0.812  0.080
  30 V H   0.127  0.827  0.046
  31 Q H   0.100  0.864  0.035
  32 N H   0.191  0.753  0.057
  33 M H   0.154  0.766  0.080
  34 R H   0.165  0.827  0.008
  35 I H   0.061  0.916  0.024
  36 G H   0.115  0.875  0.010
  37 A H   0.057  0.912  0.031
  38 L H   0.090  0.874  0.036
  39 V H   0.031  0.931  0.038
  40 Q H   0.045  0.863  0.092
  41 V H   0.088  0.814  0.099
  42 A H   0.353  0.553  0.094
  43 D C   0.602  0.369  0.029
  44 H H   0.402  0.478  0.120
  45 A H   0.356  0.529  0.114
  46 F C   0.476  0.318  0.206
  47 L H   0.146  0.724  0.129
  48 L H   0.082  0.864  0.054
  49 W H   0.057  0.867  0.076
  50 P H   0.047  0.592  0.361
  51 L H   0.019  0.555  0.426
  52 A H   0.012  0.496  0.492
  53 F H   0.012  0.825  0.164
  54 I H   0.018  0.700  0.282
  55 L H   0.094  0.681  0.225
  56 S H   0.310  0.646  0.043
  57 A H   0.057  0.933  0.010
  58 L H   0.030  0.959  0.011
  59 L H   0.080  0.845  0.075
  60 A H   0.044  0.805  0.151
  61 M H   0.062  0.618  0.320
  62 V H   0.205  0.441  0.354
  63 G H   0.112  0.682  0.206
  64 Y H   0.085  0.477  0.438
  65 F H   0.097  0.668  0.234
  66 L H   0.176  0.427  0.396
  67 V H   0.118  0.469  0.413
  68 R E   0.185  0.312  0.502
  69 K E   0.159  0.219  0.622
  70 F E   0.222  0.241  0.537
  71 A E   0.236  0.086  0.678
  72 P E   0.337  0.259  0.404
  73 E C   0.513  0.253  0.234
  74 A C   0.612  0.220  0.168
  75 G C   0.791  0.109  0.100
  76 G C   0.827  0.085  0.087
  77 S C   0.801  0.094  0.105
  78 G C   0.780  0.095  0.125
  79 I H   0.420  0.481  0.099
  80 P H   0.254  0.679  0.067
  81 E H   0.252  0.649  0.099
  82 I H   0.163  0.598  0.239
  83 E H   0.131  0.763  0.106
  84 G H   0.059  0.882  0.059
  85 A H   0.048  0.791  0.161
  86 L H   0.166  0.687  0.147
  87 E H   0.204  0.744  0.053
  88 E C   0.537  0.422  0.041
  89 L C   0.532  0.433  0.035
  90 R H   0.430  0.513  0.057
  91 P C   0.403  0.362  0.234
  92 V C   0.368  0.330  0.303
  93 R C   0.485  0.250  0.265
  94 W H   0.249  0.472  0.280
  95 W E   0.257  0.203  0.540
  96 R E   0.225  0.279  0.496
  97 V E   0.309  0.190  0.501
  98 L E   0.132  0.326  0.541
  99 P E   0.256  0.189  0.555
 100 V E   0.009  0.318  0.672
 101 K E   0.082  0.079  0.839
 102 F E   0.061  0.083  0.856
 103 I E   0.121  0.156  0.724
 104 G C   0.594  0.131  0.275
 105 G C   0.557  0.203  0.240
 106 M C   0.495  0.217  0.288
 107 G E   0.201  0.393  0.406
 108 T E   0.219  0.262  0.519
 109 L E   0.277  0.246  0.478
 110 G C   0.630  0.182  0.188
 111 A C   0.823  0.075  0.102
 112 G C   0.801  0.093  0.106
 113 M C   0.658  0.118  0.224
 114 V C   0.716  0.133  0.152
 115 L C   0.685  0.166  0.149
 116 G C   0.860  0.060  0.080
 117 R C   0.734  0.138  0.128
 118 E C   0.730  0.126  0.144
 119 G C   0.769  0.103  0.129
 120 P C   0.606  0.148  0.247
 121 T H   0.183  0.624  0.193
 122 V H   0.112  0.516  0.373
 123 Q H   0.021  0.512  0.468
 124 I H   0.059  0.789  0.152
 125 G H   0.161  0.758  0.081
 126 G H   0.097  0.842  0.062
 127 N H   0.204  0.740  0.056
 128 L H   0.041  0.949  0.010
 129 G H   0.110  0.845  0.045
 130 R H   0.168  0.796  0.036
 131 M H   0.155  0.771  0.073
 132 V H   0.133  0.810  0.057
 133 L H   0.343  0.599  0.058
 134 D H   0.277  0.632  0.091
 135 V C   0.447  0.415  0.138
 136 F H   0.383  0.526  0.091
 137 R H   0.423  0.498  0.080
 138 M C   0.694  0.221  0.084
 139 R C   0.763  0.146  0.091
 140 S C   0.903  0.070  0.028
 141 A C   0.869  0.090  0.041
 142 E C   0.504  0.458  0.037
 143 A C   0.638  0.285  0.077
 144 R H   0.239  0.693  0.068
 145 H H   0.220  0.718  0.062
 146 T H   0.081  0.685  0.234
 147 L H   0.043  0.521  0.436
 148 L H   0.028  0.725  0.247
 149 A H   0.021  0.749  0.229
 150 T H   0.207  0.645  0.148
 151 G C   0.516  0.281  0.203
 152 A C   0.424  0.340  0.236
 153 A H   0.427  0.490  0.083
 154 A C   0.565  0.364  0.071
 155 G C   0.618  0.280  0.102
 156 L C   0.507  0.327  0.165
 157 S H   0.227  0.475  0.298
 158 A H   0.351  0.359  0.290
 159 A H   0.275  0.501  0.224
 160 F C   0.617  0.189  0.195
 161 N C   0.571  0.341  0.087
 162 A C   0.666  0.177  0.156
 163 P C   0.644  0.323  0.033
 164 L C   0.584  0.319  0.097
 165 A H   0.298  0.632  0.071
 166 G C   0.570  0.256  0.174
 167 I E   0.230  0.130  0.640
 168 L H   0.079  0.574  0.348
 169 F E   0.182  0.091  0.727
 170 I E   0.067  0.382  0.551
 171 I H   0.037  0.587  0.376
 172 E H   0.012  0.628  0.360
 173 E H   0.094  0.663  0.242
 174 M H   0.347  0.348  0.305
 175 R C   0.722  0.101  0.176
 176 P H   0.444  0.496  0.061
 177 Q H   0.256  0.665  0.079
 178 F H   0.346  0.509  0.144
 179 R H   0.267  0.697  0.035
 180 Y H   0.372  0.549  0.079
 181 N H   0.239  0.693  0.068
 182 L H   0.313  0.522  0.164
 183 I H   0.321  0.456  0.224
 184 S C   0.598  0.216  0.185
 185 I C   0.522  0.267  0.212
 186 K C   0.696  0.110  0.194
 187 A C   0.356  0.293  0.350
 188 V E   0.104  0.177  0.720
 189 F E   0.125  0.183  0.692
 190 T E   0.013  0.395  0.592
 191 G H   0.066  0.559  0.375
 192 V H   0.020  0.662  0.318
 193 I H   0.039  0.529  0.432
 194 M H   0.106  0.612  0.282
 195 S H   0.095  0.765  0.140
 196 S H   0.036  0.868  0.096
 197 I H   0.016  0.585  0.399
 198 V E   0.015  0.480  0.505
 199 F E   0.030  0.470  0.500
 200 R E   0.046  0.287  0.667
 201 I E   0.167  0.192  0.641
 202 F E   0.212  0.174  0.614
 203 N C   0.516  0.116  0.368
 204 G C   0.900  0.041  0.058
 205 E C   0.820  0.077  0.103
 206 A C   0.614  0.134  0.252
 207 P C   0.551  0.153  0.296
 208 I E   0.172  0.067  0.761
 209 I E   0.102  0.096  0.802
 210 E E   0.074  0.287  0.639
 211 V E   0.113  0.057  0.831
 212 G E   0.458  0.036  0.505
 213 K E   0.343  0.045  0.612
 214 L E   0.365  0.046  0.589
 215 S C   0.679  0.022  0.299
 216 D C   0.692  0.025  0.283
 217 A C   0.841  0.091  0.068
 218 P C   0.786  0.069  0.145
 219 V C   0.720  0.150  0.130
 220 N C   0.704  0.262  0.033
 221 T H   0.416  0.432  0.152
 222 L H   0.138  0.728  0.133
 223 W H   0.074  0.849  0.076
 224 L H   0.040  0.576  0.384
 225 Y H   0.028  0.746  0.226
 226 L H   0.014  0.747  0.238
 227 I H   0.030  0.580  0.391
 228 L H   0.024  0.677  0.298
 229 G H   0.198  0.609  0.193
 230 I H   0.083  0.786  0.131
 231 I H   0.203  0.429  0.368
 232 F H   0.063  0.502  0.435
 233 G E   0.348  0.295  0.356
 234 V H   0.214  0.656  0.130
 235 V H   0.222  0.598  0.179
 236 G H   0.127  0.763  0.110
 237 P H   0.104  0.857  0.039
 238 V H   0.082  0.837  0.081
 239 F H   0.055  0.847  0.098
 240 N H   0.101  0.773  0.127
 241 S H   0.029  0.935  0.035
 242 L H   0.034  0.930  0.036
 243 V H   0.033  0.918  0.049
 244 L H   0.055  0.894  0.051
 245 R H   0.030  0.807  0.162
 246 T H   0.169  0.697  0.133
 247 Q H   0.097  0.846  0.058
 248 D H   0.310  0.654  0.036
 249 M H   0.150  0.820  0.029
 250 F H   0.150  0.790  0.060
 251 Q H   0.186  0.768  0.046
 252 R H   0.145  0.784  0.071
 253 F H   0.244  0.639  0.117
 254 H C   0.456  0.453  0.092
 255 G C   0.727  0.194  0.079
 256 G C   0.875  0.047  0.078
 257 E C   0.849  0.064  0.087
 258 I C   0.557  0.104  0.339
 259 K E   0.419  0.041  0.540
 260 K E   0.188  0.123  0.689
 261 W E   0.031  0.040  0.928
 262 V E   0.087  0.106  0.807
 263 L E   0.092  0.096  0.812
 264 M E   0.094  0.096  0.810
 265 G E   0.171  0.179  0.650
 266 G C   0.485  0.249  0.267
 267 A E   0.287  0.334  0.379
 268 I H   0.132  0.716  0.152
 269 G H   0.161  0.681  0.158
 270 G H   0.286  0.440  0.274
 271 L H   0.170  0.609  0.221
 272 C H   0.086  0.704  0.210
 273 G H   0.208  0.483  0.309
 274 I E   0.305  0.325  0.371
 275 L H   0.129  0.563  0.308
 276 G E   0.363  0.259  0.378
 277 L C   0.651  0.166  0.184
 278 I C   0.698  0.145  0.157
 279 E C   0.557  0.166  0.277
 280 P C   0.687  0.153  0.160
 281 A C   0.767  0.124  0.109
 282 A C   0.724  0.146  0.130
 283 A C   0.647  0.178  0.175
 284 G C   0.805  0.091  0.104
 285 G C   0.847  0.071  0.082
 286 G C   0.879  0.050  0.071
 287 F C   0.471  0.109  0.420
 288 N C   0.718  0.111  0.170
 289 L C   0.513  0.325  0.162
 290 I C   0.643  0.220  0.137
 291 P C   0.457  0.385  0.158
 292 I C   0.607  0.249  0.144
 293 A C   0.625  0.307  0.067
 294 A C   0.753  0.148  0.099
 295 A C   0.709  0.203  0.088
 296 G C   0.838  0.087  0.075
 297 N C   0.900  0.064  0.037
 298 F H   0.385  0.574  0.041
 299 S C   0.506  0.399  0.095
 300 V H   0.217  0.726  0.057
 301 G H   0.295  0.690  0.015
 302 L H   0.056  0.927  0.017
 303 L H   0.048  0.932  0.020
 304 L H   0.005  0.941  0.054
 305 F H   0.014  0.815  0.171
 306 I H   0.006  0.913  0.081
 307 F H   0.026  0.819  0.155
 308 I H   0.011  0.900  0.089
 309 T H   0.026  0.859  0.115
 310 R H   0.068  0.818  0.115
 311 V H   0.012  0.790  0.198
 312 V H   0.014  0.730  0.256
 313 T H   0.012  0.758  0.230
 314 T H   0.081  0.491  0.429
 315 L H   0.086  0.520  0.394
 316 L E   0.091  0.441  0.469
 317 C H   0.159  0.435  0.406
 318 F C   0.513  0.227  0.260
 319 S C   0.873  0.051  0.076
 320 S C   0.724  0.147  0.129
 321 G C   0.825  0.085  0.091
 322 A C   0.705  0.158  0.138
 323 P C   0.630  0.197  0.173
 324 G C   0.662  0.253  0.085
 325 G C   0.769  0.136  0.096
 326 I E   0.273  0.169  0.558
 327 F H   0.123  0.593  0.284
 328 A H   0.133  0.686  0.181
 329 P H   0.120  0.730  0.150
 330 M H   0.113  0.778  0.109
 331 L H   0.057  0.811  0.132
 332 A H   0.034  0.889  0.077
 333 L H   0.035  0.726  0.238
 334 G H   0.173  0.721  0.106
 335 T H   0.148  0.767  0.085
 336 L H   0.105  0.838  0.057
 337 L H   0.076  0.893  0.031
 338 G H   0.173  0.756  0.072
 339 T H   0.110  0.829  0.061
 340 A H   0.089  0.830  0.081
 341 F H   0.043  0.936  0.021
 342 G H   0.133  0.822  0.045
 343 M H   0.010  0.985  0.005
 344 A H   0.049  0.903  0.048
 345 A H   0.074  0.897  0.029
 346 A H   0.065  0.868  0.067
 347 V H   0.132  0.679  0.189
 348 L H   0.251  0.630  0.119
 349 F C   0.683  0.159  0.158
 350 P C   0.840  0.079  0.081
 351 Q C   0.768  0.131  0.101
 352 Y C   0.761  0.096  0.143
 353 H C   0.685  0.155  0.160
 354 L C   0.670  0.198  0.132
 355 E C   0.607  0.215  0.177
 356 A C   0.585  0.338  0.077
 357 G H   0.362  0.595  0.043
 358 T H   0.109  0.814  0.077
 359 F H   0.044  0.661  0.295
 360 A H   0.035  0.877  0.088
 361 I H   0.013  0.847  0.140
 362 A H   0.067  0.833  0.101
 363 G H   0.085  0.858  0.057
 364 M H   0.103  0.856  0.042
 365 G H   0.100  0.844  0.057
 366 A H   0.051  0.923  0.026
 367 L H   0.146  0.807  0.047
 368 M H   0.325  0.589  0.086
 369 A H   0.089  0.848  0.062
 370 A H   0.198  0.771  0.031
 371 S H   0.380  0.425  0.195
 372 V C   0.356  0.334  0.310
 373 R H   0.343  0.419  0.238
 374 A C   0.465  0.322  0.213
 375 P C   0.530  0.250  0.219
 376 L H   0.126  0.731  0.143
 377 T H   0.162  0.603  0.235
 378 G H   0.125  0.830  0.045
 379 I H   0.054  0.670  0.276
 380 V H   0.067  0.569  0.364
 381 L E   0.093  0.309  0.599
 382 V E   0.119  0.380  0.502
 383 L H   0.017  0.657  0.326
 384 E H   0.035  0.610  0.354
 385 M H   0.131  0.812  0.057
 386 T H   0.364  0.602  0.035
 387 D C   0.526  0.471  0.003
 388 N C   0.664  0.322  0.014
 389 Y H   0.291  0.460  0.248
 390 Q H   0.319  0.396  0.285
 391 L C   0.454  0.260  0.285
 392 I H   0.146  0.639  0.215
 393 L H   0.214  0.498  0.288
 394 P H   0.315  0.622  0.063
 395 M H   0.121  0.744  0.135
 396 I H   0.120  0.525  0.355
 397 I H   0.033  0.565  0.401
 398 T H   0.052  0.707  0.242
 399 C H   0.019  0.648  0.333
 400 L H   0.018  0.883  0.098
 401 G H   0.341  0.417  0.241
 402 A H   0.106  0.748  0.145
 403 T H   0.204  0.560  0.236
 404 L H   0.035  0.785  0.180
 405 L H   0.153  0.758  0.089
 406 A C   0.413  0.380  0.206
 407 Q C   0.445  0.361  0.194
 408 F C   0.631  0.224  0.145
 409 L C   0.782  0.114  0.104
 410 G C   0.865  0.065  0.071
 411 G C   0.807  0.095  0.098
 412 K C   0.726  0.213  0.061
 413 P C   0.835  0.070  0.095
 414 L H   0.439  0.525  0.036
 415 Y H   0.153  0.809  0.038
 416 S H   0.087  0.845  0.068
 417 T H   0.054  0.911  0.035
 418 I H   0.103  0.831  0.066
 419 L H   0.067  0.859  0.074
 420 A H   0.049  0.912  0.039
 421 R H   0.099  0.832  0.069
 422 T H   0.057  0.882  0.061
 423 L H   0.063  0.921  0.016
 424 A H   0.136  0.844  0.020
 425 K H   0.244  0.734  0.021
 426 Q C   0.506  0.447  0.048
 427 D H   0.310  0.673  0.017
 428 A H   0.293  0.699  0.007
 429 E C   0.603  0.387  0.010
 430 Q C   0.775  0.209  0.016
