#jufo profile for 1OTS
   1 R C   0.935  0.023  0.042
   2 R C   0.486  0.482  0.032
   3 R H   0.446  0.451  0.103
   4 Q H   0.356  0.550  0.094
   5 L H   0.178  0.755  0.067
   6 I H   0.307  0.617  0.075
   7 R H   0.099  0.847  0.054
   8 Q H   0.065  0.923  0.012
   9 L H   0.120  0.685  0.196
  10 L H   0.145  0.740  0.115
  11 E H   0.093  0.659  0.248
  12 R E   0.167  0.392  0.441
  13 D H   0.362  0.375  0.263
  14 K C   0.824  0.100  0.076
  15 T C   0.580  0.220  0.200
  16 P H   0.358  0.532  0.110
  17 L H   0.234  0.513  0.254
  18 A H   0.162  0.543  0.296
  19 I H   0.049  0.618  0.332
  20 L H   0.028  0.906  0.066
  21 F H   0.028  0.923  0.049
  22 M H   0.086  0.843  0.071
  23 A H   0.043  0.876  0.081
  24 A H   0.194  0.619  0.187
  25 V H   0.115  0.694  0.191
  26 V H   0.059  0.840  0.102
  27 G H   0.203  0.716  0.082
  28 T H   0.016  0.914  0.070
  29 L H   0.055  0.812  0.133
  30 V H   0.059  0.813  0.127
  31 G H   0.049  0.934  0.017
  32 L H   0.004  0.938  0.059
  33 A H   0.009  0.936  0.055
  34 A H   0.019  0.936  0.045
  35 V H   0.014  0.925  0.061
  36 A H   0.011  0.959  0.030
  37 F H   0.013  0.957  0.030
  38 D H   0.036  0.954  0.010
  39 K H   0.035  0.954  0.011
  40 G H   0.059  0.928  0.013
  41 V H   0.023  0.951  0.026
  42 A H   0.012  0.950  0.038
  43 W H   0.055  0.915  0.030
  44 L H   0.041  0.931  0.028
  45 Q H   0.022  0.970  0.008
  46 N H   0.030  0.960  0.010
  47 Q H   0.074  0.903  0.024
  48 R H   0.145  0.851  0.004
  49 M H   0.045  0.943  0.013
  50 G H   0.104  0.891  0.005
  51 A H   0.066  0.909  0.025
  52 L H   0.095  0.877  0.027
  53 V H   0.045  0.914  0.042
  54 H H   0.077  0.826  0.097
  55 T H   0.086  0.680  0.234
  56 A C   0.564  0.287  0.149
  57 D C   0.605  0.218  0.177
  58 N C   0.582  0.216  0.201
  59 Y C   0.498  0.313  0.189
  60 P C   0.578  0.216  0.206
  61 L H   0.293  0.607  0.100
  62 L H   0.155  0.741  0.103
  63 L H   0.089  0.832  0.079
  64 T H   0.112  0.730  0.158
  65 V H   0.017  0.564  0.419
  66 A H   0.019  0.647  0.334
  67 F H   0.009  0.909  0.082
  68 L H   0.008  0.786  0.206
  69 C H   0.038  0.687  0.275
  70 S H   0.078  0.806  0.116
  71 A H   0.027  0.952  0.021
  72 V H   0.027  0.931  0.042
  73 L H   0.057  0.760  0.183
  74 A H   0.019  0.865  0.116
  75 M H   0.029  0.738  0.233
  76 F H   0.115  0.627  0.257
  77 G H   0.072  0.751  0.176
  78 Y E   0.114  0.362  0.524
  79 F E   0.113  0.309  0.578
  80 L E   0.123  0.184  0.693
  81 V E   0.133  0.154  0.713
  82 R E   0.155  0.234  0.611
  83 K E   0.101  0.270  0.630
  84 Y E   0.159  0.211  0.630
  85 A E   0.158  0.085  0.757
  86 P E   0.237  0.204  0.559
  87 E C   0.472  0.276  0.251
  88 A C   0.712  0.138  0.150
  89 G C   0.828  0.084  0.089
  90 G C   0.847  0.069  0.084
  91 S C   0.842  0.071  0.087
  92 G C   0.799  0.088  0.113
  93 I H   0.288  0.656  0.056
  94 P H   0.159  0.753  0.087
  95 E H   0.143  0.764  0.093
  96 I H   0.232  0.469  0.299
  97 E H   0.199  0.638  0.163
  98 G H   0.145  0.764  0.091
  99 A H   0.134  0.773  0.094
 100 L H   0.176  0.685  0.140
 101 E H   0.181  0.753  0.066
 102 D C   0.705  0.157  0.139
 103 Q C   0.677  0.187  0.136
 104 R C   0.555  0.306  0.139
 105 P E   0.335  0.197  0.468
 106 V C   0.472  0.268  0.259
 107 R C   0.541  0.214  0.245
 108 W E   0.298  0.279  0.423
 109 W H   0.328  0.339  0.334
 110 R H   0.273  0.370  0.358
 111 V C   0.394  0.330  0.275
 112 L E   0.266  0.258  0.476
 113 P C   0.518  0.238  0.244
 114 V H   0.043  0.482  0.475
 115 K E   0.236  0.240  0.525
 116 F E   0.074  0.374  0.552
 117 F H   0.267  0.394  0.339
 118 G C   0.610  0.210  0.180
 119 G C   0.403  0.256  0.340
 120 L C   0.423  0.239  0.339
 121 G E   0.183  0.186  0.632
 122 T E   0.236  0.183  0.581
 123 L E   0.358  0.193  0.449
 124 G C   0.664  0.147  0.189
 125 G C   0.811  0.088  0.101
 126 G C   0.721  0.141  0.138
 127 M C   0.524  0.089  0.387
 128 V C   0.717  0.098  0.185
 129 L C   0.761  0.122  0.117
 130 G C   0.843  0.070  0.087
 131 R C   0.730  0.139  0.130
 132 E C   0.726  0.126  0.148
 133 G C   0.778  0.100  0.122
 134 P C   0.534  0.223  0.243
 135 T H   0.109  0.633  0.258
 136 V H   0.084  0.516  0.400
 137 Q H   0.015  0.573  0.412
 138 I H   0.018  0.870  0.112
 139 G H   0.131  0.773  0.096
 140 G H   0.059  0.893  0.047
 141 N H   0.157  0.786  0.057
 142 I H   0.030  0.963  0.007
 143 G H   0.140  0.838  0.022
 144 R H   0.049  0.943  0.008
 145 M H   0.092  0.794  0.114
 146 V H   0.089  0.802  0.109
 147 L H   0.141  0.773  0.087
 148 D H   0.344  0.522  0.134
 149 I C   0.546  0.294  0.160
 150 F C   0.625  0.273  0.102
 151 R C   0.689  0.247  0.064
 152 L C   0.781  0.157  0.061
 153 K C   0.817  0.088  0.095
 154 G C   0.930  0.031  0.039
 155 D C   0.750  0.196  0.054
 156 E C   0.535  0.376  0.089
 157 A C   0.576  0.318  0.105
 158 R H   0.226  0.686  0.088
 159 H H   0.196  0.726  0.078
 160 T H   0.108  0.713  0.179
 161 L H   0.034  0.645  0.321
 162 L H   0.034  0.823  0.143
 163 A H   0.039  0.768  0.193
 164 T H   0.148  0.721  0.131
 165 G C   0.516  0.380  0.104
 166 A C   0.409  0.365  0.226
 167 A H   0.289  0.637  0.073
 168 A C   0.533  0.401  0.067
 169 G C   0.521  0.382  0.097
 170 L H   0.399  0.420  0.181
 171 A H   0.178  0.519  0.302
 172 A H   0.302  0.359  0.339
 173 A H   0.217  0.584  0.199
 174 F C   0.630  0.205  0.166
 175 N H   0.466  0.473  0.061
 176 A C   0.610  0.221  0.169
 177 P C   0.557  0.415  0.028
 178 L H   0.377  0.565  0.058
 179 A H   0.249  0.682  0.069
 180 G H   0.358  0.528  0.113
 181 I E   0.164  0.252  0.585
 182 L H   0.079  0.611  0.310
 183 F E   0.176  0.084  0.740
 184 I E   0.094  0.173  0.733
 185 I H   0.046  0.500  0.454
 186 E H   0.021  0.618  0.361
 187 E H   0.120  0.579  0.301
 188 M C   0.524  0.276  0.200
 189 R C   0.750  0.103  0.147
 190 P C   0.665  0.273  0.062
 191 Q H   0.428  0.489  0.083
 192 F C   0.524  0.413  0.063
 193 R H   0.404  0.573  0.023
 194 Y H   0.383  0.531  0.086
 195 T H   0.251  0.700  0.050
 196 L H   0.164  0.766  0.070
 197 I H   0.072  0.855  0.073
 198 S C   0.442  0.407  0.151
 199 I H   0.301  0.582  0.117
 200 K H   0.465  0.478  0.057
 201 A H   0.121  0.734  0.145
 202 V H   0.079  0.565  0.356
 203 F H   0.100  0.546  0.354
 204 I H   0.012  0.572  0.416
 205 G H   0.100  0.572  0.328
 206 V H   0.017  0.730  0.253
 207 I H   0.038  0.607  0.355
 208 M H   0.068  0.773  0.159
 209 S H   0.169  0.742  0.089
 210 T H   0.057  0.807  0.136
 211 I H   0.078  0.695  0.226
 212 M E   0.208  0.181  0.611
 213 Y E   0.133  0.240  0.627
 214 R E   0.229  0.137  0.634
 215 I E   0.264  0.139  0.597
 216 F E   0.308  0.081  0.611
 217 N C   0.712  0.026  0.262
 218 H C   0.899  0.040  0.061
 219 E C   0.836  0.067  0.097
 220 V C   0.600  0.106  0.294
 221 A E   0.402  0.136  0.462
 222 L E   0.055  0.043  0.902
 223 I E   0.054  0.044  0.902
 224 D E   0.089  0.047  0.864
 225 V E   0.284  0.035  0.681
 226 G C   0.664  0.013  0.323
 227 K C   0.591  0.045  0.364
 228 L C   0.553  0.037  0.410
 229 S C   0.842  0.063  0.095
 230 D C   0.824  0.079  0.097
 231 A C   0.816  0.114  0.070
 232 P C   0.666  0.205  0.128
 233 L C   0.673  0.222  0.105
 234 N H   0.442  0.527  0.032
 235 T C   0.497  0.385  0.118
 236 L H   0.111  0.824  0.065
 237 W H   0.159  0.767  0.075
 238 L H   0.134  0.762  0.104
 239 Y H   0.024  0.936  0.041
 240 L H   0.045  0.848  0.107
 241 I H   0.060  0.758  0.182
 242 L H   0.031  0.745  0.224
 243 G H   0.098  0.681  0.221
 244 I H   0.046  0.848  0.106
 245 I H   0.093  0.697  0.210
 246 F H   0.058  0.753  0.190
 247 G H   0.260  0.454  0.286
 248 I H   0.243  0.562  0.195
 249 F H   0.227  0.606  0.168
 250 G H   0.199  0.731  0.071
 251 P H   0.070  0.905  0.025
 252 I H   0.049  0.921  0.030
 253 F H   0.050  0.873  0.077
 254 N H   0.082  0.788  0.130
 255 K H   0.038  0.937  0.025
 256 W H   0.106  0.864  0.030
 257 V H   0.067  0.906  0.027
 258 L H   0.046  0.942  0.012
 259 G H   0.055  0.931  0.014
 260 M H   0.063  0.922  0.015
 261 Q H   0.017  0.972  0.011
 262 D H   0.057  0.916  0.027
 263 L H   0.072  0.905  0.023
 264 L H   0.070  0.897  0.034
 265 H H   0.095  0.868  0.037
 266 R H   0.115  0.852  0.033
 267 V H   0.298  0.617  0.085
 268 H C   0.692  0.222  0.087
 269 G C   0.821  0.102  0.077
 270 G C   0.927  0.028  0.045
 271 N C   0.894  0.043  0.063
 272 I C   0.725  0.117  0.158
 273 T C   0.523  0.133  0.344
 274 K H   0.048  0.517  0.435
 275 W E   0.075  0.106  0.819
 276 V E   0.070  0.238  0.691
 277 L E   0.113  0.196  0.691
 278 M E   0.020  0.462  0.517
 279 G H   0.035  0.522  0.444
 280 G H   0.228  0.671  0.101
 281 A H   0.269  0.545  0.186
 282 I H   0.137  0.756  0.107
 283 G H   0.206  0.605  0.189
 284 G H   0.156  0.540  0.303
 285 L H   0.155  0.479  0.366
 286 C H   0.107  0.598  0.295
 287 G H   0.229  0.447  0.324
 288 L E   0.268  0.356  0.376
 289 L H   0.114  0.701  0.185
 290 G E   0.314  0.245  0.441
 291 F E   0.447  0.077  0.476
 292 V E   0.428  0.070  0.502
 293 A C   0.716  0.136  0.149
 294 P C   0.751  0.138  0.111
 295 A C   0.722  0.146  0.132
 296 T C   0.692  0.155  0.153
 297 S C   0.508  0.238  0.254
 298 G C   0.704  0.148  0.148
 299 G C   0.735  0.139  0.127
 300 G C   0.733  0.131  0.136
 301 F C   0.525  0.214  0.261
 302 N C   0.705  0.133  0.162
 303 L C   0.706  0.148  0.147
 304 I C   0.485  0.380  0.135
 305 P H   0.300  0.610  0.090
 306 I C   0.483  0.380  0.137
 307 A H   0.427  0.484  0.089
 308 T C   0.719  0.153  0.128
 309 A C   0.715  0.180  0.105
 310 G C   0.730  0.160  0.110
 311 N C   0.716  0.237  0.047
 312 F C   0.498  0.454  0.048
 313 S C   0.477  0.443  0.080
 314 M H   0.171  0.775  0.054
 315 G H   0.270  0.715  0.015
 316 M H   0.044  0.939  0.017
 317 L H   0.026  0.957  0.017
 318 V H   0.006  0.952  0.042
 319 F H   0.009  0.910  0.081
 320 I H   0.006  0.970  0.024
 321 F H   0.012  0.963  0.025
 322 V H   0.008  0.981  0.012
 323 A H   0.023  0.873  0.104
 324 R H   0.049  0.876  0.074
 325 V H   0.013  0.809  0.178
 326 I H   0.020  0.859  0.121
 327 T H   0.013  0.777  0.210
 328 T H   0.083  0.526  0.392
 329 L H   0.110  0.487  0.403
 330 L E   0.112  0.408  0.479
 331 C H   0.108  0.453  0.439
 332 F C   0.429  0.241  0.330
 333 S C   0.823  0.057  0.120
 334 S C   0.693  0.162  0.145
 335 G C   0.835  0.075  0.090
 336 A C   0.715  0.151  0.134
 337 P C   0.708  0.146  0.146
 338 G C   0.742  0.145  0.113
 339 G C   0.801  0.107  0.092
 340 I E   0.317  0.149  0.535
 341 F E   0.131  0.412  0.457
 342 A H   0.135  0.605  0.260
 343 P H   0.099  0.712  0.189
 344 M H   0.083  0.792  0.126
 345 L H   0.037  0.773  0.189
 346 A H   0.021  0.810  0.169
 347 L H   0.021  0.804  0.175
 348 G H   0.227  0.652  0.120
 349 T H   0.115  0.808  0.076
 350 V H   0.045  0.928  0.027
 351 L H   0.041  0.943  0.016
 352 G H   0.175  0.761  0.064
 353 T H   0.076  0.874  0.049
 354 A H   0.042  0.903  0.056
 355 F H   0.026  0.951  0.023
 356 G H   0.074  0.826  0.100
 357 M H   0.017  0.973  0.010
 358 V H   0.068  0.895  0.038
 359 A H   0.087  0.877  0.036
 360 V H   0.120  0.832  0.047
 361 E H   0.174  0.695  0.131
 362 L H   0.431  0.479  0.090
 363 F C   0.688  0.159  0.153
 364 P C   0.819  0.093  0.089
 365 Q C   0.791  0.108  0.101
 366 Y C   0.769  0.089  0.142
 367 H C   0.758  0.113  0.129
 368 L C   0.704  0.164  0.132
 369 E C   0.585  0.233  0.182
 370 A H   0.359  0.584  0.056
 371 G H   0.197  0.776  0.027
 372 T H   0.088  0.852  0.060
 373 F H   0.043  0.864  0.093
 374 A H   0.031  0.926  0.043
 375 I H   0.015  0.899  0.086
 376 A H   0.042  0.842  0.116
 377 G H   0.056  0.903  0.041
 378 M H   0.098  0.845  0.058
 379 G H   0.094  0.837  0.069
 380 A H   0.091  0.862  0.047
 381 L H   0.182  0.760  0.058
 382 L H   0.373  0.490  0.138
 383 A H   0.148  0.768  0.083
 384 A H   0.340  0.604  0.056
 385 S C   0.420  0.362  0.218
 386 I C   0.371  0.346  0.283
 387 R H   0.371  0.412  0.218
 388 A C   0.530  0.237  0.233
 389 P C   0.565  0.221  0.214
 390 L H   0.251  0.582  0.167
 391 T H   0.282  0.370  0.348
 392 G H   0.322  0.547  0.131
 393 I E   0.131  0.383  0.486
 394 I H   0.065  0.496  0.439
 395 L E   0.094  0.208  0.697
 396 V E   0.117  0.197  0.686
 397 L H   0.025  0.531  0.444
 398 E H   0.044  0.481  0.475
 399 M H   0.241  0.599  0.160
 400 T C   0.499  0.464  0.036
 401 D C   0.615  0.380  0.005
 402 N C   0.710  0.265  0.025
 403 Y H   0.239  0.419  0.342
 404 Q E   0.293  0.261  0.445
 405 L C   0.406  0.270  0.324
 406 I H   0.175  0.556  0.269
 407 L H   0.181  0.502  0.318
 408 P H   0.277  0.653  0.070
 409 M H   0.156  0.643  0.201
 410 I H   0.160  0.496  0.344
 411 I H   0.065  0.583  0.352
 412 T H   0.052  0.700  0.248
 413 G H   0.025  0.687  0.288
 414 L H   0.026  0.889  0.085
 415 G H   0.322  0.470  0.208
 416 A H   0.097  0.764  0.139
 417 T H   0.230  0.522  0.248
 418 L H   0.042  0.808  0.150
 419 L H   0.172  0.741  0.087
 420 A H   0.375  0.378  0.247
 421 Q H   0.380  0.418  0.202
 422 F C   0.521  0.306  0.173
 423 T C   0.741  0.143  0.115
 424 G C   0.876  0.058  0.066
 425 G C   0.772  0.138  0.090
 426 K C   0.549  0.417  0.034
 427 P C   0.648  0.293  0.059
 428 L H   0.191  0.794  0.015
 429 Y H   0.051  0.924  0.025
 430 S H   0.047  0.914  0.038
 431 A H   0.044  0.933  0.023
 432 I H   0.060  0.914  0.026
 433 L H   0.064  0.866  0.069
 434 A H   0.026  0.952  0.022
 435 R H   0.115  0.812  0.073
 436 T H   0.077  0.878  0.044
 437 L H   0.094  0.883  0.023
 438 A H   0.155  0.830  0.016
 439 K H   0.248  0.725  0.027
 440 Q H   0.418  0.530  0.051
 441 E H   0.300  0.684  0.016
 442 A H   0.338  0.658  0.004
 443 E C   0.674  0.318  0.009
 444 Q C   0.781  0.204  0.015
